100 100
36.619680 24.927520 25.902723 25.784972 28.703427 27.581454 27.275774 25.675915 24.724696 24.436381 26.210090 24.893953 26.921809 25.943418 26.625956 26.319743 26.071513 27.191481 24.581818 24.989448 22.724753 28.458085 26.301459 23.593299 25.480849 24.020278 26.209829 25.749249 27.017402 24.969711 27.066680 30.326683 25.717072 22.725415 25.191037 25.028956 29.334261 23.053260 21.654844 26.604074 24.810644 30.110143 24.270377 26.726340 23.886362 23.351925 24.285505 26.064396 27.062353 29.493653 28.521710 27.924792 27.849589 25.799718 24.495301 25.825651 25.769179 27.816053 28.460001 26.859019 26.937074 26.607933 25.758244 26.048661 28.179373 30.279025 27.233662 22.491403 26.862268 28.571907 27.475096 24.136413 23.266373 25.877044 25.087895 25.850309 22.709685 25.422829 27.140203 22.923122 25.677892 25.928804 25.793862 25.961272 26.541641 25.422317 25.692748 22.191873 24.906278 28.115917 24.495337 25.016084 27.833055 25.510621 29.823232 25.102594 26.390246 26.136925 25.821724 27.378930 
24.927520 30.846213 23.938823 23.784253 27.726422 24.072132 24.403922 22.756131 21.729644 22.605882 23.813108 21.043909 25.321370 24.761417 23.372526 25.048664 23.803791 26.232421 21.939259 23.536460 22.692090 24.263873 24.891128 22.949718 23.313592 22.809239 23.888008 23.402034 25.101296 22.442185 24.525390 26.706640 24.921723 22.036965 24.053609 23.548880 25.913452 20.871741 21.554176 25.564419 23.575172 29.097807 21.641922 24.380951 23.064443 21.602330 20.277831 24.138244 23.540986 27.489723 26.330443 23.228277 23.448199 21.742617 22.985146 24.950416 24.037889 24.950877 25.342307 26.115572 22.858533 25.622352 24.878208 23.100193 23.954558 26.543320 23.209994 20.435399 24.261320 25.086061 24.565561 22.825385 21.383756 23.613985 22.516206 23.267247 20.344361 23.905166 24.786758 22.399739 23.929405 23.230069 23.197905 23.976296 25.955999 22.603046 23.130284 21.460984 23.396624 24.452893 23.562112 21.465172 25.254687 23.822577 28.527771 25.814555 23.791430 21.728748 24.218545 25.416605 
25.902723 23.938823 35.616650 25.232915 30.658487 25.872709 23.582292 25.405644 25.111625 24.041023 26.254956 24.589409 24.440793 25.486150 25.059597 26.557418 27.225874 27.105349 24.854804 23.344960 21.022424 25.641165 25.346090 22.228532 23.129311 22.541796 26.416295 23.131784 26.204433 24.589105 25.108173 27.699929 25.704407 22.584818 25.981061 25.493558 27.403890 21.211644 21.820121 27.410076 24.857287 29.610010 23.373420 21.577339 23.910586 23.174056 22.231664 24.953937 27.253387 27.985889 26.934745 23.812909 26.561713 23.103711 23.298554 25.406731 26.520608 26.611360 26.805252 25.145887 26.740798 25.970214 26.830572 24.593568 25.407847 28.643650 24.998347 23.216940 26.458450 27.601764 24.733002 22.114339 23.066014 22.686848 25.643641 25.839598 20.553340 24.634003 24.792868 22.568441 24.109722 24.175526 23.983363 26.459029 28.262365 23.892390 26.071257 23.757178 25.126027 26.758512 22.162117 25.421761 25.470021 23.822516 29.291575 25.367340 25.835461 23.780487 27.108158 27.203325 
25.784972 23.784253 25.232915 35.806583 29.709439 27.286156 25.966356 27.483453 25.596513 25.411975 25.008639 25.541518 24.704975 26.538913 25.733251 27.073348 26.940308 27.987219 24.334375 24.078420 22.319270 28.671986 27.440043 23.284998 23.913307 23.681091 27.699645 24.378831 28.770384 25.357461 26.971413 30.593136 28.245758 24.905532 26.376924 26.949480 29.727974 24.510015 23.466840 29.211373 25.891929 29.693881 24.306830 24.283605 26.502119 23.166184 23.391202 28.958871 26.664778 29.546355 30.194662 27.845177 25.882187 23.166594 25.365106 28.191383 26.729990 29.333734 27.428702 26.119564 26.443531 27.480933 26.696430 24.562542 26.456221 28.035024 25.856588 22.385303 27.018503 29.055067 25.178138 26.050295 23.317737 24.103645 24.673217 25.722032 21.991447 26.284907 28.158895 24.376170 26.055380 26.148907 26.705866 26.070345 27.949282 25.089580 25.377195 22.493160 25.851119 27.808863 24.675024 24.638209 26.341855 25.545494 30.542639 27.299173 27.295202 24.966077 27.859217 29.039053 
28.703427 27.726422 30.658487 29.709439 40.835226 29.084292 29.848376 28.175973 27.337016 27.221478 28.990056 26.767904 28.624908 31.065564 28.924538 30.798962 31.245301 31.055790 26.605730 26.953400 26.096823 29.842544 29.658100 25.861340 27.155449 26.713966 30.696107 27.147826 29.882955 28.383621 29.908006 34.596321 31.008636 26.648289 28.955098 28.799066 31.234484 24.858976 26.108818 32.284503 29.423105 33.290028 25.577954 26.880145 28.533914 26.651907 25.714603 30.335260 29.670306 32.411585 31.512591 29.511790 28.349313 26.305698 27.885623 31.206976 28.823338 30.973493 30.437399 29.617636 30.150216 30.167188 30.137478 28.365481 30.030650 33.031075 29.593623 25.498838 30.345916 32.824953 27.128207 26.695921 26.133454 28.847505 27.107558 29.678459 23.976257 28.958485 30.532687 27.922494 29.646391 28.650479 27.988351 29.242529 31.563074 28.007348 28.490753 25.780064 28.694520 30.583102 27.748890 26.757887 30.822743 27.164565 35.750707 29.272901 29.093706 26.365778 31.717702 31.482937 
27.581454 24.072132 25.872709 27.286156 29.084292 35.205057 26.681284 26.020359 23.236961 22.060010 25.235191 24.706503 25.694673 25.275836 25.666641 25.239328 25.154101 25.673133 23.849051 23.644924 23.462340 28.248759 24.999033 22.867631 23.711970 23.810079 25.971190 23.926609 27.466208 25.509116 26.821696 29.353382 27.634843 23.939246 25.272922 27.556657 28.910236 24.462128 23.240652 26.581122 24.888435 28.534259 23.823849 24.002419 25.391852 22.821189 22.640408 26.538890 25.170875 30.099874 28.758170 27.188664 26.832889 23.227896 23.779372 25.229873 26.379591 26.450597 28.000098 26.454844 26.041664 28.091476 26.201699 24.893953 25.651539 29.943415 25.587859 23.500365 26.602501 28.064153 26.362973 22.811264 22.423167 25.009935 23.119500 24.669652 21.045106 24.329288 25.515022 22.861188 24.774022 23.500144 24.706105 25.026856 26.064531 23.518345 24.871649 20.936476 24.497124 26.798302 22.799471 25.287987 27.674754 24.505256 30.539560 25.692716 26.219200 23.486408 26.617721 27.852691 
27.275774 24.403922 23.582292 25.966356 29.848376 26.681284 36.346138 25.585519 24.097281 23.412311 24.865651 24.911450 24.710016 27.303729 26.255241 26.371011 26.182983 26.264971 21.923727 25.158361 23.871712 26.287034 25.572251 24.841799 24.759003 23.737919 26.078314 24.760733 27.441030 24.272599 27.657157 31.229732 27.077289 24.361683 25.260484 26.709882 26.904323 22.876005 21.648830 27.766507 26.344842 28.084016 23.216754 25.532922 25.026309 24.073310 23.819709 26.580731 26.113198 28.927494 27.022976 26.709491 25.534176 24.442104 24.926349 26.782564 26.407072 27.943102 30.112679 28.418560 26.525375 27.294768 26.453029 25.632824 25.597950 29.126320 24.713885 22.421666 27.500975 27.953282 26.328952 22.511472 22.011677 25.752311 24.575804 26.721447 22.845838 25.073304 27.037791 22.941592 24.958218 24.368296 25.030671 24.506522 26.654078 23.322908 25.880113 23.003631 25.313896 28.485692 26.110958 24.936754 27.160981 24.503491 31.344613 26.916709 25.683628 24.280812 26.507574 27.381997 
25.675915 22.756131 25.405644 27.483453 28.175973 26.020359 25.585519 33.621843 24.395517 24.802083 24.879976 25.795187 24.587776 25.737859 25.375195 27.453286 26.944768 26.603129 24.140458 24.088612 22.803348 25.920351 26.152796 22.526557 23.255469 24.390113 26.546551 24.206901 28.439105 26.141882 25.940655 29.915483 27.524609 24.521945 26.585072 26.345413 28.648576 23.888963 23.058262 27.081857 23.595081 27.476115 23.521737 23.767931 25.372505 22.965434 23.678248 26.348562 25.513711 29.101205 27.944756 26.876399 25.613097 22.621500 24.731427 27.275821 26.086981 27.049691 27.724230 26.365025 24.605016 25.606987 25.979600 24.861196 25.531124 27.325406 24.621445 22.057426 24.921058 28.324430 26.330731 23.227968 23.250345 22.171542 25.748449 25.651292 19.116423 23.664886 26.727892 22.392200 24.359393 25.272818 24.881587 24.917076 25.477891 24.012343 23.682689 21.767285 23.650650 27.366823 25.056393 25.041105 26.551602 24.714612 29.710665 27.061540 24.918470 23.266307 26.571779 27.571308 
24.724696 21.729644 25.111625 25.596513 27.337016 23.236961 24.097281 24.395517 33.640856 23.979462 24.404048 24.754246 22.583050 25.075155 24.790612 25.699371 26.268077 25.809754 23.306366 23.574841 20.751582 26.064941 24.668283 21.589105 21.253437 22.641126 26.313409 22.627613 25.484188 22.630121 25.599903 27.839735 25.631014 23.125876 25.709328 24.932922 27.199419 20.853953 21.184049 26.068351 25.240063 26.926543 22.398534 22.526544 23.809875 23.761045 20.794430 24.960678 22.914759 28.632839 26.473850 24.711384 24.774733 21.455396 25.501052 24.829330 24.094340 27.552006 25.407077 24.807767 25.745268 25.020129 25.040290 22.630986 25.693636 26.646359 24.578736 21.797822 26.195423 27.362708 23.607877 22.770476 22.070219 23.555255 23.935499 24.985635 20.529196 24.545917 26.436094 21.944707 24.760220 25.635705 24.689687 24.784429 27.016297 25.042504 24.345885 21.844820 24.564661 25.826554 24.847566 23.462666 27.023364 22.695786 28.234367 23.884071 25.722309 22.789302 26.232255 25.321563 
24.436381 22.605882 24.041023 25.411975 27.221478 22.060010 23.412311 24.802083 23.979462 31.400141 23.148075 23.026719 22.940055 26.206640 23.543235 25.627237 24.568369 26.038291 22.632011 23.295363 20.281569 25.552838 25.006185 22.948857 21.978352 22.835680 25.133666 22.394371 25.709774 23.570592 23.860847 28.589029 25.172371 21.901718 24.048663 24.515458 25.794412 21.306697 22.657844 27.038673 23.201243 27.433812 22.300927 22.217248 24.071408 22.032225 22.641416 23.835258 23.027267 27.425312 27.094352 26.212095 24.108521 21.809580 23.998704 26.029233 25.206570 27.601260 25.021196 25.669428 24.979617 24.133773 24.202462 24.167023 25.465090 25.406062 24.362594 20.445320 24.207892 26.743578 22.584397 23.324665 21.642037 21.345826 24.540252 23.854489 19.353549 23.834686 25.020200 22.343869 24.658360 25.684536 24.402632 25.396983 25.999317 23.368270 22.746444 21.330593 23.356348 27.109338 24.803393 23.879721 25.966683 23.098528 27.768837 24.396764 23.679467 22.801815 24.439923 26.064928 
26.210090 23.813108 26.254956 25.008639 28.990056 25.235191 24.865651 24.879976 24.404048 23.148075 33.596777 22.633606 24.169818 24.620893 26.785853 25.623548 25.764255 27.642015 24.617161 23.035361 21.635056 25.959046 24.209667 21.008770 23.604808 22.616250 26.468177 23.803009 26.159243 23.603214 25.884098 27.099047 26.168953 21.850979 26.370175 24.448653 28.095347 21.727842 23.152762 26.005141 25.797126 27.927334 23.593798 23.224317 24.622792 22.242695 21.900012 27.314763 25.611395 28.121061 26.356336 26.498282 24.030578 24.561185 24.531157 24.456551 24.283619 26.161654 26.554852 26.203049 25.819011 26.073999 26.144413 24.547589 24.506144 27.779369 23.825601 22.049952 24.452859 27.671987 24.538493 21.661470 22.170740 23.688572 23.914026 25.959029 18.974655 23.745239 26.414884 22.676769 24.988279 23.829253 24.272191 23.880398 28.324871 23.462723 24.688754 21.338372 25.427972 27.631060 24.195033 23.040965 25.732009 24.440698 28.757356 25.918602 23.588550 23.597846 27.151666 26.263551 
24.893953 21.043909 24.589409 25.541518 26.767904 24.706503 24.911450 25.795187 24.754246 23.026719 22.633606 32.502881 22.454533 26.412906 25.320752 25.359642 25.628727 25.749806 21.508544 23.807624 22.202387 25.572691 24.288974 21.790524 22.541739 23.348555 24.096299 22.373846 26.361236 23.000798 25.799240 27.873027 26.158012 22.427888 25.024352 25.553383 27.657470 22.129400 22.619995 25.784216 23.113641 26.503283 21.801101 23.599820 25.176873 22.297910 21.537310 24.899789 23.353397 26.931020 25.340692 23.756429 24.740796 21.535626 22.970332 25.354759 24.167444 26.325915 26.267014 24.191038 24.858023 24.884708 24.090815 22.458398 25.695043 27.443791 23.643922 19.927802 24.628148 26.505764 25.554275 20.819042 22.579885 20.765140 23.896986 25.199096 20.008466 24.606708 24.700523 20.796778 22.610896 23.390281 23.828502 25.205747 26.858910 22.328480 22.791339 21.117430 23.692871 27.028296 24.017007 24.455779 26.090529 24.185646 27.548605 24.227151 25.502550 23.673427 26.815762 25.331259 
26.921809 25.321370 24.440793 24.704975 28.624908 25.694673 24.710016 24.587776 22.583050 22.940055 24.169818 22.454533 33.611703 23.097698 24.412540 27.293635 26.574257 27.313214 23.068534 23.292641 21.981497 27.379633 25.110044 22.146838 23.206471 25.737381 26.209563 24.065009 26.209327 23.750770 25.801456 26.319842 28.698665 22.910130 24.514225 24.811227 27.327948 21.121375 21.732511 26.584173 22.881418 28.187850 22.902591 24.330539 24.263668 22.500931 22.902617 26.642193 24.442528 27.683785 27.529874 24.669815 25.956336 22.623160 24.897902 24.500419 24.324855 26.011331 27.647241 25.700979 24.337667 25.617591 24.735012 24.808501 25.010438 27.080736 25.667040 21.213757 25.274743 27.191667 25.365278 21.421687 21.968037 25.397753 23.836416 24.213732 20.458340 24.338200 25.267592 22.279316 24.637842 23.864754 24.820198 26.312263 27.808209 23.813025 23.520415 22.187009 24.597971 25.687090 23.869534 23.733876 25.450815 24.649710 27.650451 24.963783 24.752260 23.408710 27.119768 27.060946 
25.943418 24.761417 25.486150 26.538913 31.065564 25.275836 27.303729 25.737859 25.075155 26.206640 24.620893 26.412906 23.097698 36.188947 25.811430 27.243327 27.397978 28.020203 24.118290 24.229278 24.488671 24.976713 25.905106 24.752049 23.334383 23.615306 25.598746 22.630780 26.742209 24.785558 26.464103 30.912150 27.029994 24.375774 24.593874 26.042381 28.149466 23.355977 24.225355 27.588280 25.603711 29.551614 23.828064 24.669876 26.465136 24.204875 23.621407 27.536158 24.423545 29.938121 28.080638 27.219857 25.470164 23.555061 24.330279 26.550446 25.363393 26.749181 28.068429 27.016889 26.783495 27.155052 26.272751 24.068342 26.488086 28.745132 24.787136 21.770921 26.454929 28.417628 24.936457 24.190796 23.409939 24.024059 23.908134 26.208336 20.513016 26.361635 26.873674 22.766699 26.423658 26.344886 24.965448 27.099394 26.586606 22.172137 23.717265 21.217671 27.254393 26.353951 25.506995 24.850361 28.103596 25.135015 30.672607 26.408873 26.739878 24.327520 26.559827 28.917173 
26.625956 23.372526 25.059597 25.733251 28.924538 25.666641 26.255241 25.375195 24.790612 23.543235 26.785853 25.320752 24.412540 25.811430 34.960799 26.999477 26.525278 28.817257 24.432887 23.596072 23.750630 26.440354 26.131151 22.478678 24.843479 24.405766 27.271435 24.455719 27.178869 25.166725 26.710452 29.295166 27.529975 24.385430 26.554227 25.317177 28.404293 23.229986 23.878071 27.176747 25.944262 26.163564 24.509592 25.355394 26.965584 23.811835 22.940938 25.896222 26.413076 27.560476 27.769366 25.929138 25.893782 23.633549 26.590175 27.125615 23.681680 27.590799 26.956559 26.715330 26.130574 26.289429 26.122493 25.625478 26.877054 29.186416 24.986782 22.683353 24.844136 28.898971 26.208893 24.018937 24.737837 24.562370 24.669157 26.816181 22.126336 25.843771 24.345843 23.686008 24.181648 25.211515 25.566473 24.759796 26.267708 26.088565 26.077687 22.879975 26.011327 27.900481 25.314512 25.226285 29.190833 24.062443 30.227285 25.495164 25.457013 24.284896 28.781791 28.216028 
26.319743 25.048664 26.557418 27.073348 30.798962 25.239328 26.371011 27.453286 25.699371 25.627237 25.623548 25.359642 27.293635 27.243327 26.999477 37.340195 28.399806 29.045805 24.173721 25.508040 24.255282 28.373644 26.392187 22.259675 26.356023 26.267209 27.070152 25.295571 27.807931 25.146406 27.155312 28.988098 28.764404 22.836188 26.393604 25.968217 28.898459 23.365730 23.811088 30.038156 26.161277 30.834267 25.215893 25.146742 27.565508 23.492401 24.913915 27.167887 24.330059 29.285045 28.225717 25.272358 27.701217 24.925207 25.991220 28.040296 25.150868 28.980638 28.090463 29.076668 26.665355 27.052587 25.916382 26.665935 26.710402 28.045740 27.474820 22.246430 25.753554 29.637764 26.716626 23.661135 24.087660 24.950192 27.211258 26.472133 20.083218 26.818022 25.896311 25.851965 25.065378 26.189488 24.332035 27.393128 29.671056 25.050087 25.972056 24.095421 25.756629 27.660484 27.663331 26.920793 28.521031 26.145280 30.730011 27.107128 26.447164 24.391441 28.131396 28.834297 
26.071513 23.803791 27.225874 26.940308 31.245301 25.154101 26.182983 26.944768 26.268077 24.568369 25.764255 25.628727 26.574257 27.397978 26.525278 28.399806 35.846459 27.643754 25.319006 25.431509 22.720509 27.635144 26.573664 23.282739 24.600499 25.516436 28.227670 23.770746 27.828034 25.409341 27.966978 29.922742 29.979518 24.082973 26.437172 25.958319 28.430649 23.360144 24.040507 28.181819 26.095452 30.369388 23.945366 24.053143 27.012062 23.793484 24.561579 27.793694 26.965284 29.290547 29.042956 26.589898 26.415956 22.951108 24.550147 26.936662 25.911030 28.516955 26.913006 27.372943 27.865011 26.758832 26.333493 25.865085 27.341489 29.920110 26.730388 23.008890 27.605249 27.973577 26.320358 23.896638 24.938995 25.098478 25.319827 26.914495 21.405373 26.867707 28.989758 24.063639 26.375736 26.389352 26.342159 26.862809 28.547190 25.427916 25.904636 23.007856 25.964069 27.227499 25.800358 25.887790 27.093798 25.241839 29.662495 25.459948 26.913560 24.319748 29.156927 27.096278 
27.191481 26.232421 27.105349 27.987219 31.055790 25.673133 26.264971 26.603129 25.809754 26.038291 27.642015 25.749806 27.313214 28.020203 28.817257 29.045805 27.643754 37.427370 25.488987 26.320330 23.915725 27.532260 27.605249 25.982323 26.370129 25.082069 27.664162 26.201908 28.527818 25.288354 27.325975 29.476554 30.227001 25.528735 26.898118 25.956511 29.709888 22.477076 24.177912 29.058883 26.700637 30.327942 23.152265 25.646529 27.073721 25.868273 25.106343 27.779690 26.713789 28.643004 30.184910 27.294549 26.213662 23.989160 27.242097 28.829870 26.265678 30.265704 27.610348 27.396931 26.600449 26.923550 26.800422 26.503707 27.957930 30.754027 26.894509 23.057501 24.842270 29.772525 27.536505 24.895167 25.267959 25.778867 25.604671 26.903799 22.071383 26.500699 27.184017 24.797721 26.422334 26.373812 25.297929 28.066996 30.569739 24.495027 25.953863 23.027011 27.171891 28.437948 27.372109 25.487832 27.444621 27.389264 31.222088 27.392347 27.470966 25.939470 29.470563 30.693552 
24.581818 21.939259 24.854804 24.334375 26.605730 23.849051 21.923727 24.140458 23.306366 22.632011 24.617161 21.508544 23.068534 24.118290 24.432887 24.173721 25.319006 25.488987 31.300772 22.344172 20.053103 25.803302 23.782415 21.729965 21.299502 21.191696 23.498117 22.291854 25.933074 23.057211 26.133487 25.785488 25.503819 23.050681 24.503996 21.810510 26.204004 20.026625 21.731064 25.152901 22.455513 26.746683 22.230219 21.387854 22.839214 22.482308 22.058918 24.804041 24.593712 27.271006 26.171628 24.268808 24.225693 21.956017 22.688666 23.309275 23.161313 25.908075 25.848532 23.888403 24.800474 24.988934 24.031386 21.882034 24.577308 26.537461 23.408618 19.643711 24.798314 25.970978 22.925479 21.784300 22.497821 23.201569 23.418165 22.245277 19.329330 23.890629 24.756854 21.830212 22.853944 23.065471 23.414598 23.704365 25.620700 21.663351 22.708339 20.197013 23.368256 24.858112 23.025450 22.214900 25.672977 22.857143 28.123231 23.404532 24.437012 21.367877 23.900080 26.148808 
24.989448 23.536460 23.344960 24.078420 26.953400 23.644924 25.158361 24.088612 23.574841 23.295363 23.035361 23.807624 23.292641 24.229278 23.596072 25.508040 25.431509 26.320330 22.344172 31.596633 21.209743 25.896150 25.750926 22.953871 21.095641 23.316411 25.375395 22.464368 25.309863 23.796858 24.902502 26.280736 25.758602 22.281685 24.495599 23.866047 26.505300 20.601969 21.945968 26.142483 23.641740 26.644996 22.142988 22.436839 23.077717 21.806784 21.489370 24.410534 24.466053 26.348068 25.507913 23.706070 24.820200 21.756469 24.021491 23.791907 24.315545 26.823287 24.914857 24.977686 23.267789 25.032358 23.072114 24.376638 24.477190 26.969513 24.063456 21.142291 23.312103 25.514986 25.318540 21.900111 22.456506 22.920200 24.081568 25.217282 20.217365 24.362831 24.461072 22.100178 23.568715 24.106726 22.476477 23.311879 25.987440 23.101948 23.875512 19.689641 22.993773 26.883588 23.767186 23.214981 25.516963 23.776769 27.119681 24.738344 24.462037 23.198060 24.343685 25.396239 
22.724753 22.692090 21.022424 22.319270 26.096823 23.462340 23.871712 22.803348 20.751582 20.281569 21.635056 22.202387 21.981497 24.488671 23.750630 24.255282 22.720509 23.915725 20.053103 21.209743 30.074110 23.403669 21.996160 20.712786 23.209625 22.092732 24.473155 20.812140 24.665287 22.531230 23.695991 25.196943 24.240536 20.872930 22.222465 22.358895 25.869947 20.826558 19.870306 25.722138 23.132025 23.940723 21.030843 22.962168 23.513230 21.436969 19.259734 24.277634 22.296553 26.201722 24.304692 21.957677 22.118609 21.132797 22.327798 23.406568 23.121658 22.646050 24.867068 24.468713 21.965180 22.028625 23.629884 23.214507 23.248388 25.294657 22.660407 20.031652 22.038090 25.370107 23.070206 20.760681 22.262687 21.716637 21.486231 22.398784 18.251221 24.038152 22.260584 20.339943 22.331208 22.820255 21.757586 21.141373 23.504733 22.242920 22.031969 19.649525 23.293267 24.224798 22.294692 21.739581 24.962159 21.996638 26.413031 24.606341 22.695161 21.996139 25.184992 23.913934 
28.458085 24.263873 25.641165 28.671986 29.842544 28.248759 26.287034 25.920351 26.064941 25.552838 25.959046 25.572691 27.379633 24.976713 26.440354 28.373644 27.635144 27.532260 25.803302 25.896150 23.403669 38.731160 26.518669 23.137719 23.471315 24.962321 29.486157 25.406599 28.713404 25.950285 27.753789 29.967868 28.455059 25.643213 28.318835 28.302514 29.836791 22.876277 23.879211 29.629839 26.223510 29.181892 27.030044 25.635736 26.705027 22.478449 23.239995 27.536549 27.992352 31.325826 29.550561 26.811088 27.080702 23.496728 26.333084 27.542365 27.196543 29.907492 27.292627 28.959497 27.438405 27.425308 25.952945 25.542813 27.098813 29.140713 26.295057 23.401348 27.418471 27.831214 26.786455 22.769076 24.024277 26.550761 25.705160 25.193160 22.377344 28.603540 29.441883 24.385737 24.742797 25.950827 26.307207 26.045117 28.678302 26.418547 26.989207 23.528353 25.909583 27.991935 25.136925 25.820033 28.191110 26.728380 29.750303 26.670056 26.923599 24.341955 27.693963 29.731719 
26.301459 24.891128 25.346090 27.440043 29.658100 24.999033 25.572251 26.152796 24.668283 25.006185 24.209667 24.288974 25.110044 25.905106 26.131151 26.392187 26.573664 27.605249 23.782415 25.750926 21.996160 26.518669 34.553967 23.920608 24.813827 23.834660 26.200314 23.854778 26.219521 25.130237 26.050730 29.830716 27.910524 23.789386 26.956882 25.489872 27.976384 22.753023 22.991512 28.613699 25.755063 29.525921 23.941681 25.135522 24.867925 22.848525 24.295951 26.349390 26.546874 29.270418 28.844877 25.829467 25.264263 23.579578 24.577657 26.142166 24.947265 28.843897 26.665639 27.319906 26.022713 27.325991 26.671882 24.983391 27.096202 28.895902 25.690351 21.807592 25.246868 27.635615 25.579349 22.408562 24.106714 24.129063 23.693492 26.579287 23.029244 25.987113 26.109508 23.671353 24.772141 26.832115 26.177954 26.423854 27.466415 24.577552 25.448727 21.388072 25.458345 27.719362 24.671663 24.904256 26.770121 25.196626 28.626729 27.639698 26.430092 24.111361 26.493418 28.776263 
23.593299 22.949718 22.228532 23.284998 25.861340 22.867631 24.841799 22.526557 21.589105 22.948857 21.008770 21.790524 22.146838 24.752049 22.478678 22.259675 23.282739 25.982323 21.729965 22.953871 20.712786 23.137719 23.920608 30.096048 20.792077 21.215380 23.509365 21.768535 23.231988 22.677736 24.585409 27.218963 24.204905 22.676188 23.310411 23.630903 24.647617 19.235218 20.884880 23.716007 22.856202 26.936308 20.401662 20.959434 21.935253 22.175088 20.856106 20.775157 22.876033 25.188820 25.492848 22.845694 22.836198 20.577431 21.398486 23.485689 24.983835 25.370607 24.863813 23.828806 22.579523 23.879876 24.261192 22.318396 24.144468 26.087946 23.253412 19.563916 22.117323 23.459712 23.916351 21.824937 21.676985 21.365117 22.009893 22.690679 19.549678 23.019226 23.826728 19.221282 22.542024 22.020822 22.744587 23.255349 23.937270 20.472677 22.457257 19.501451 23.050660 25.219770 23.440661 21.980844 24.508251 21.154525 27.991024 23.041262 23.811449 23.270013 24.077833 24.511733 
25.480849 23.313592 23.129311 23.913307 27.155449 23.711970 24.759003 23.255469 21.253437 21.978352 23.604808 22.541739 23.206471 23.334383 24.843479 26.356023 24.600499 26.370129 21.299502 21.095641 23.209625 23.471315 24.813827 20.792077 33.308720 24.025685 23.209788 22.485827 24.461778 22.165131 24.491395 27.764161 23.813893 21.123698 21.901503 22.198451 26.544645 21.038723 21.278469 25.218474 24.973394 29.194658 22.269431 23.082149 24.508258 23.548084 21.071556 24.341893 23.164820 27.513001 26.295214 24.797600 23.998301 22.707800 23.148058 23.665464 23.011794 25.400631 24.508515 25.012161 24.031944 23.946852 25.394693 24.652099 26.677423 27.724184 23.120911 19.874052 22.857917 27.093008 25.141504 20.573604 22.868399 22.528851 22.200142 23.696626 21.725418 24.635037 24.417970 22.584682 23.686961 23.391791 23.873353 23.567336 26.275074 22.472487 23.392616 21.067368 23.316657 26.007730 22.106159 23.232683 25.215897 24.418573 26.593894 26.028622 24.250046 23.041360 26.399920 25.122352 
24.020278 22.809239 22.541796 23.681091 26.713966 23.810079 23.737919 24.390113 22.641126 22.835680 22.616250 23.348555 25.737381 23.615306 24.405766 26.267209 25.516436 25.082069 21.191696 23.316411 22.092732 24.962321 23.834660 21.215380 24.025685 30.006060 24.126293 23.308323 25.204070 22.371787 23.899089 25.900269 25.999611 21.663827 25.162510 23.335603 27.074761 20.976950 22.476319 26.449307 22.259272 27.697422 22.077332 22.642651 24.723753 22.045395 20.574397 25.140396 21.617974 26.097696 26.748929 23.451519 24.002255 20.814215 24.019051 24.225002 22.106031 25.820758 25.949367 24.441295 22.781362 25.056763 23.747002 23.677761 25.791336 25.786258 23.105196 20.674878 23.385125 26.336046 23.418851 21.152297 21.505832 22.733275 23.192225 23.549749 20.044714 23.683761 23.341531 21.890361 22.785333 23.833396 23.761277 23.926289 25.359106 22.310097 22.786645 21.439120 23.288790 24.789787 23.560735 23.089647 24.446686 24.011948 26.749575 23.494494 25.554337 21.899259 26.083409 25.510732 
26.209829 23.888008 26.416295 27.699645 30.696107 25.971190 26.078314 26.546551 26.313409 25.133666 26.468177 24.096299 26.209563 25.598746 27.271435 27.070152 28.227670 27.664162 23.498117 25.375395 24.473155 29.486157 26.200314 23.509365 23.209788 24.126293 38.068039 25.174547 27.829351 26.716754 26.883783 30.418320 29.432021 25.243154 26.887174 27.682804 29.647442 22.497453 22.554488 27.864642 27.804567 28.724583 26.309780 26.104238 25.938179 23.152927 21.994768 26.950148 28.927549 30.318879 29.075600 25.414845 25.005649 23.400462 27.275543 26.909597 28.322890 28.435638 27.641876 27.407157 24.481797 26.496560 28.335308 26.497630 27.047601 29.780971 25.672600 24.280635 25.670444 29.132253 26.320197 25.304548 24.156066 26.405287 25.913269 27.279733 22.001163 26.295899 28.064002 25.357355 26.366358 28.007863 25.349093 27.787052 27.622833 26.928792 26.111458 24.287923 24.933254 28.190777 27.041765 25.701853 29.175596 24.918499 31.014915 26.113155 25.915010 24.901365 28.124427 29.316718 
25.749249 23.402034 23.131784 24.378831 27.147826 23.926609 24.760733 24.206901 22.627613 22.394371 23.803009 22.373846 24.065009 22.630780 24.455719 25.295571 23.770746 26.201908 22.291854 22.464368 20.812140 25.406599 23.854778 21.768535 22.485827 23.308323 25.174547 31.106826 26.421541 22.783355 25.483174 27.537770 25.641679 22.200046 25.942445 24.107735 26.973077 19.680410 20.003900 25.588672 24.094596 27.120491 20.896823 23.645171 23.193795 21.851036 22.964142 24.292214 23.617957 26.496045 26.151575 23.802565 24.209277 21.288494 24.966982 25.652411 24.701268 25.909513 26.218238 27.225667 24.009657 25.101005 24.370045 23.146566 24.192179 25.120142 23.333085 22.469196 24.363705 26.256016 24.760398 22.357300 21.723600 23.402867 24.057423 24.322043 19.069057 21.987981 24.726200 22.162022 22.835481 24.286663 23.374049 23.507130 24.876220 23.649086 24.093423 22.589207 22.372018 25.217949 24.998776 22.771338 25.678978 24.626857 28.272770 22.901698 24.204855 21.890117 24.381212 24.830285 
27.017402 25.101296 26.204433 28.770384 29.882955 27.466208 27.441030 28.439105 25.484188 25.709774 26.159243 26.361236 26.209327 26.742209 27.178869 27.807931 27.828034 28.527818 25.933074 25.309863 24.665287 28.713404 26.219521 23.231988 24.461778 25.204070 27.829351 26.421541 36.843597 25.993603 29.141939 30.458404 30.124297 25.771219 26.678557 28.441985 28.808543 23.290000 23.155227 28.353674 26.365331 28.634174 24.985550 24.813009 26.655177 24.063991 24.999446 29.226819 26.127283 29.243527 29.324521 27.526785 26.300603 24.218165 26.073842 27.128202 26.167214 28.394778 28.219312 28.939414 28.064785 26.856825 27.156571 25.196655 27.218129 28.814392 27.090134 23.809824 28.176447 29.629407 26.341661 24.572151 24.881958 25.663698 25.802324 26.948312 21.697692 26.053302 28.359447 24.250013 28.076888 26.070500 27.023746 25.445392 27.952339 24.798524 25.239133 23.980728 25.545357 28.360254 27.325863 25.819736 27.682181 27.196744 32.035813 26.967708 28.392884 23.486400 28.462254 27.697295 
24.969711 22.442185 24.589105 25.357461 28.383621 25.509116 24.272599 26.141882 22.630121 23.570592 23.603214 23.000798 23.750770 24.785558 25.166725 25.146406 25.409341 25.288354 23.057211 23.796858 22.531230 25.950285 25.130237 22.677736 22.165131 22.371787 26.716754 22.783355 25.993603 33.232450 23.716369 29.764302 26.240298 22.874937 23.851150 23.969010 28.257534 21.736386 20.850979 27.341454 24.691889 26.760800 22.575694 23.687392 23.816302 21.852144 22.009011 25.325369 25.147236 26.741864 26.447507 25.641718 25.212189 21.343397 23.837988 26.119479 25.084132 27.780224 26.216398 26.505067 24.962972 25.187531 24.997356 24.687545 24.901330 28.072778 25.172604 22.484484 24.138606 27.395219 23.855753 23.756609 23.422289 22.623165 23.990472 24.565881 20.230932 24.454891 24.356993 22.752298 24.868577 24.846005 23.544596 23.548539 24.475387 23.481842 25.827177 20.852078 24.133890 26.643760 23.349960 24.551488 25.811503 22.992324 29.125734 27.116543 25.095387 23.684802 25.224771 28.080927 
27.066680 24.525390 25.108173 26.971413 29.908006 26.821696 27.657157 25.940655 25.599903 23.860847 25.884098 25.799240 25.801456 26.464103 26.710452 27.155312 27.966978 27.325975 26.133487 24.902502 23.695991 27.753789 26.050730 24.585409 24.491395 23.899089 26.883783 25.483174 29.141939 23.716369 36.772121 29.866301 27.297868 25.490288 27.136172 25.826965 28.542979 22.187887 23.237370 27.341726 25.299558 29.046031 23.405212 24.451566 26.972006 25.260839 23.440067 26.635749 26.076309 29.491739 28.763431 25.548087 24.779870 24.329529 26.141951 25.493363 26.440507 26.886171 28.448861 27.657685 27.357000 26.732573 26.467123 25.872186 26.164093 29.994126 26.217452 22.382421 28.117435 27.097002 27.155994 23.196538 23.935844 25.761903 25.667212 26.334976 20.441663 26.444061 28.092528 23.912072 26.414186 26.468945 27.052661 24.496609 27.942422 24.707569 25.716491 22.434469 25.351171 28.360335 25.519766 23.979101 27.877279 24.892792 31.286479 27.048213 26.316123 23.830129 27.962669 27.547167 
30.326683 26.706640 27.699929 30.593136 34.596321 29.353382 31.229732 29.915483 27.839735 28.589029 27.099047 27.873027 26.319842 30.912150 29.295166 28.988098 29.922742 29.476554 25.785488 26.280736 25.196943 29.967868 29.830716 27.218963 27.764161 25.900269 30.418320 27.537770 30.458404 29.764302 29.866301 43.623214 29.730985 27.220538 28.328811 29.203776 31.604046 25.582208 25.371473 30.807463 29.936055 31.945744 26.159456 27.638575 28.609428 27.024827 25.379161 30.471662 28.407876 32.148828 32.674653 30.115671 28.996218 26.714629 27.346225 30.663502 29.229783 31.873068 31.103702 29.865425 28.733808 32.218693 30.220606 27.700257 30.901263 32.837685 27.688689 25.533093 30.061438 32.716286 29.619463 27.891034 27.075984 26.681494 27.544661 29.328698 24.412594 27.881951 30.508277 26.274096 27.945006 28.696960 28.804341 29.011024 29.736402 27.418836 30.163264 25.138313 27.617491 30.765648 28.162460 28.220946 31.397314 27.736384 35.353973 29.635941 28.717958 27.663959 30.867295 31.016836 
25.717072 24.921723 25.704407 28.245758 31.008636 27.634843 27.077289 27.524609 25.631014 25.172371 26.168953 26.158012 28.698665 27.029994 27.529975 28.764404 29.979518 30.227001 25.503819 25.758602 24.240536 28.455059 27.910524 24.204905 23.813893 25.999611 29.432021 25.641679 30.124297 26.240298 27.297868 29.730985 36.756463 26.174901 26.035533 28.694852 29.872083 23.523085 23.966692 30.009808 27.095768 29.848759 24.818332 25.295319 27.345916 24.541087 24.363035 29.600385 27.019845 29.406831 29.546836 28.032967 27.228985 24.112095 26.290105 27.143471 26.819671 29.421611 29.338296 28.590945 27.564595 27.356568 26.885493 25.492409 28.086473 30.397143 27.342828 23.827208 26.711392 29.769464 26.292924 24.621367 25.261010 26.385938 25.235838 27.788518 21.682329 26.403734 27.465227 25.288589 26.649698 26.789400 26.403596 27.983178 29.474416 25.402963 25.643142 23.703842 26.821868 28.949438 27.118950 26.274774 27.979986 26.718413 31.445355 27.368375 27.646817 24.892420 28.527935 29.108402 
22.725415 22.036965 22.584818 24.905532 26.648289 23.939246 24.361683 24.521945 23.125876 21.901718 21.850979 22.427888 22.910130 24.375774 24.385430 22.836188 24.082973 25.528735 23.050681 22.281685 20.872930 25.643213 23.789386 22.676188 21.123698 21.663827 25.243154 22.200046 25.771219 22.874937 25.490288 27.220538 26.174901 32.297355 23.585142 24.876280 25.216227 19.340487 21.362624 24.251164 23.499862 26.023334 20.955963 22.150224 23.928266 22.625588 19.442084 24.259464 23.966961 27.115492 27.081606 23.366363 23.643936 19.834290 23.598298 23.661882 24.202587 25.614406 24.989095 23.365125 22.906294 25.685201 24.158764 20.875397 24.919404 26.928447 22.501440 21.081945 23.875423 25.931327 23.410875 22.690120 21.648940 22.732830 21.672938 23.189038 21.880450 23.762943 25.945009 20.782477 24.442216 24.540518 24.698044 24.237814 24.660969 23.304615 22.795032 21.217497 24.292999 26.395296 22.801351 23.315910 24.097265 22.092310 28.260682 24.706606 24.525127 21.945034 25.429735 25.066972 
25.191037 24.053609 25.981061 26.376924 28.955098 25.272922 25.260484 26.585072 25.709328 24.048663 26.370175 25.024352 24.514225 24.593874 26.554227 26.393604 26.437172 26.898118 24.503996 24.495599 22.222465 28.318835 26.956882 23.310411 21.901503 25.162510 26.887174 25.942445 26.678557 23.851150 27.136172 28.328811 26.035533 23.585142 34.304740 24.800609 28.413508 20.922545 24.191533 27.820196 24.579585 27.105820 22.609006 24.523720 25.934288 22.886743 23.052842 25.906970 25.470264 28.602654 28.049886 23.821935 24.854808 22.544792 25.883235 25.682073 25.314591 28.397911 26.440713 25.832199 24.763842 26.608070 25.352904 23.750416 24.955437 26.987562 25.916453 21.720998 25.000117 27.373581 26.691623 22.724382 23.271633 24.529116 24.636964 25.657464 21.129262 26.160692 26.875515 24.095236 23.128083 25.541207 25.760414 24.518656 26.397757 23.797493 26.430652 23.320388 24.798235 28.030741 25.443781 24.858676 26.633016 24.804242 29.610580 25.322367 26.298295 22.305902 27.676172 27.886894 
25.028956 23.548880 25.493558 26.949480 28.799066 27.556657 26.709882 26.345413 24.932922 24.515458 24.448653 25.553383 24.811227 26.042381 25.317177 25.968217 25.958319 25.956511 21.810510 23.866047 22.358895 28.302514 25.489872 23.630903 22.198451 23.335603 27.682804 24.107735 28.441985 23.969010 25.826965 29.203776 28.694852 24.876280 24.800609 35.212416 27.462836 24.146192 23.562451 26.659303 25.447807 27.934601 24.298414 23.793193 26.256279 21.715276 22.755533 26.490265 24.998685 29.110529 28.963251 27.044421 25.786636 23.121037 23.230248 26.267213 28.273210 27.534732 27.324313 27.785107 25.350938 26.846276 26.361826 24.536974 26.250606 27.844495 23.349821 23.746210 27.135412 27.774017 24.469357 22.673198 22.981767 23.957380 24.721739 24.626997 21.566099 24.824500 24.909104 21.693621 24.315256 23.917394 25.159881 26.023690 28.969598 24.714830 24.098864 22.149216 24.124555 28.334508 24.712100 25.090529 27.376220 23.934465 31.271885 26.345165 25.259406 22.996368 25.913453 27.309674 
29.334261 25.913452 27.403890 29.727974 31.234484 28.910236 26.904323 28.648576 27.199419 25.794412 28.095347 27.657470 27.327948 28.149466 28.404293 28.898459 28.430649 29.709888 26.204004 26.505300 25.869947 29.836791 27.976384 24.647617 26.544645 27.074761 29.647442 26.973077 28.808543 28.257534 28.542979 31.604046 29.872083 25.216227 28.413508 27.462836 40.656304 24.558613 25.479910 30.705613 28.197187 31.450496 26.476533 26.008968 26.982266 25.327898 24.848008 30.339973 27.454384 32.510016 32.894413 29.985665 27.475109 25.161318 27.890844 27.939416 27.875277 30.112668 30.453404 28.625962 26.863844 28.758759 29.591378 25.980106 30.575470 31.794762 26.662452 24.879109 29.138460 31.295385 28.567443 26.580561 26.372175 26.540987 27.207750 28.974218 22.624370 27.671647 27.190625 26.443557 27.407057 30.208451 27.781799 27.620319 28.342252 26.858028 26.648940 23.405074 26.140103 31.785620 26.746030 26.700214 29.286741 29.603664 31.755239 29.743951 27.224549 25.490394 29.470927 30.695753 
23.053260 20.871741 21.211644 24.510015 24.858976 24.462128 22.876005 23.888963 20.853953 21.306697 21.727842 22.129400 21.121375 23.355977 23.229986 23.365730 23.360144 22.477076 20.026625 20.601969 20.826558 22.876277 22.753023 19.235218 21.038723 20.976950 22.497453 19.680410 23.290000 21.736386 22.187887 25.582208 23.523085 19.340487 20.922545 24.146192 24.558613 29.411925 19.565931 24.168289 20.796538 25.150693 20.942210 22.870921 23.979372 18.842370 19.788517 22.644399 20.466715 26.467067 24.644785 24.111262 22.687520 20.848078 22.185295 23.820521 22.748177 23.242528 24.338451 22.930503 22.099971 21.373744 22.942458 23.144896 22.249080 25.914929 20.614368 18.211170 22.408897 24.234298 21.826726 19.383164 19.322095 20.449672 21.855140 23.832553 18.319267 21.601179 22.322429 18.946814 21.202891 21.858412 21.232514 22.188708 24.462462 21.962127 19.756151 19.346263 21.438043 23.023032 20.232931 21.222233 24.936264 20.761133 26.378465 23.625719 22.047805 21.738957 23.794252 23.047620 
21.654844 21.554176 21.820121 23.466840 26.108818 23.240652 21.648830 23.058262 21.184049 22.657844 23.152762 22.619995 21.732511 24.225355 23.878071 23.811088 24.040507 24.177912 21.731064 21.945968 19.870306 23.879211 22.991512 20.884880 21.278469 22.476319 22.554488 20.003900 23.155227 20.850979 23.237370 25.371473 23.966692 21.362624 24.191533 23.562451 25.479910 19.565931 29.351478 23.826492 22.050870 26.002291 20.974639 21.147960 23.036588 20.511933 20.475496 23.432867 21.119756 25.132656 25.819721 23.698359 22.952791 20.474786 21.723863 22.876481 22.741468 24.533645 23.571870 23.864469 20.514432 23.505341 23.728173 21.769821 23.582169 25.874597 22.787953 21.435802 21.900895 24.998008 23.594076 20.611336 21.375025 21.975922 21.357880 23.380903 19.037266 22.914398 23.519761 21.809970 22.023287 22.953935 23.192092 23.590705 25.819640 20.590964 20.629157 19.301428 22.143381 25.510703 23.086563 21.882141 24.435756 20.858749 26.169129 22.949616 23.031334 20.906624 24.231093 24.577293 
